4294967294,0
4294967279,383
4294967278,356
4294967279,561
6660,4
6660,5
7494,4
7495,7
7495,5
7494,8
7494,7
7494,6
7494,5
6659,5
6659,4
4294967278,355
4294967278,354
4294967279,353
4294967279,352
4294967279,212
4294967279,204
4294967279,351
4294967279,350
4294967278,352
4294967279,349
4294967278,351
7615,0
4294967279,266
4294967278,345
7614,0
4294967278,391
4294967279,520
4294967278,343
4294967279,570
4294967278,404
4294967279,88
7614,8
7615,8
7614,7
7614,6
7615,7
7615,6
4294967278,233
4294967294,96
4294967294,94
7615,5
7615,4
7615,3
7615,2
7615,1
4294967294,965
4294967294,963
4294967294,162
4294967294,406
4294967294,444
4294967294,471
4294967294,464
4294967294,461
4294967278,401
7614,5
7614,4
7614,3
7614,2
7614,1
4294967294,973
4294967279,537
4294967278,342
4294967278,136
4294967278,268
7610,5
7610,4
7610,3
7610,2
7610,1
4294967278,334
4294967279,251
7609,6
7609,5
7609,4
7609,3
7609,2
7609,1
4294967279,372
4294967278,340
4294967278,348
7608,5
4294967278,366
7608,4
7608,3
7608,2
7608,1
4294967278,365
4294967279,333
4294967278,379
4294967278,240
7607,5
4294967279,239
7607,4
7607,3
7607,2
7607,1
4294967279,235
4294967294,385
4294967294,167
4294967294,113
4294967294,458
4294967294,160
4294967278,230
4294967279,233
4294967279,231
7606,5
4294967278,228
4294967278,226
7606,4
7606,3
7606,2
7606,1
4294967279,217
4294967279,215
4294967279,210
7604,4
7604,3
7604,2
7604,1
4294967279,208
4294967278,433
4294967278,299
4294967279,558
4294967279,267
4294967278,341
4294967279,560
4294967294,185
4294967279,317
4294967278,437
4294967279,314
7602,0
7603,0
4294967278,339
4294967279,214
4294967279,540
4294967279,137
4294967278,217
4294967278,312
4294967278,137
7602,8
7603,8
7602,7
7602,6
7603,7
7603,6
4294967279,299
4294967278,296
4294967279,302
7603,5
7603,4
7603,3
7603,2
7603,1
4294967294,50
4294967279,536
4294967279,312
4294967278,435
4294967279,346
7602,5
7602,4
7602,3
7602,2
7602,1
4294967279,514
4294967279,297
4294967278,286
7598,5
7598,4
7598,3
7598,2
7598,1
4294967279,141
4294967279,278
4294967278,442
7597,6
4294967278,421
4294967279,329
7597,5
7597,4
7597,3
7597,2
7597,1
4294967278,287
4294967294,168
4294967294,919
4294967294,191
4294967294,453
4294967294,459
4294967294,184
4294967279,367
4294967278,440
7596,5
4294967279,282
7596,4
7596,3
7596,2
7596,1
4294967278,269
4294967278,323
4294967294,5
4294967279,522
4294967278,418
4294967279,362
4294967278,398
4294967278,353
7595,5
7595,4
7595,3
7595,2
7595,1
4294967278,262
4294967279,345
4294967279,344
4294967278,257
7594,5
7594,4
7594,3
7594,2
7594,1
4294967278,225
4294967278,412
4294967279,250
0,7
4294967294,8
4294967294,92
4294967294,88
4294967294,9
4294967294,1416
4294967294,43
4294967279,245
4294967294,93
4294967294,95
4294967279,243
7592,4
7592,3
7592,2
7592,1
4294967278,386
4294967279,241
4294967294,920
4294967294,27
4294967294,417
4294967294,51
4294967294,52
4294967278,445
4294967279,512
4294967279,334
4294967279,343
4294967294,1414
4294967294,83
4294967278,319
4294967278,227
4294967278,385
4294967279,305
4294967294,67
4294967279,518
4294967294,26
4294967294,25
4294967278,223
4294967278,310
4294967294,970
4294967294,82
4294967294,68
4294967294,11
4294967278,290
4294967279,295
4294967278,378
4294967279,521
4294967278,266
4294967279,354
4294967278,243
4294967294,6
4294967279,342
7590,0
7591,0
4294967279,321
4294967278,376
4294967278,0
4294967278,132
4294967278,131
4294967278,130
4294967278,308
4294967278,129
4294967278,128
4294967278,275
4294967278,127
4294967278,126
4294967278,125
4294967278,124
4294967278,123
4294967278,122
4294967278,121
4294967278,120
4294967278,119
4294967278,118
4294967278,117
4294967278,116
4294967278,115
4294967278,114
4294967278,113
4294967278,112
4294967278,111
4294967278,110
4294967278,109
4294967278,108
4294967278,107
4294967278,106
4294967278,105
4294967278,104
4294967278,103
4294967278,102
4294967278,101
4294967278,100
4294967278,99
4294967278,98
4294967278,97
4294967278,96
4294967278,95
4294967278,94
4294967278,93
4294967278,92
4294967278,91
4294967278,90
4294967278,89
4294967278,87
4294967278,86
4294967278,85
4294967278,84
4294967278,83
4294967278,82
4294967278,81
4294967278,80
4294967278,79
4294967278,78
4294967278,77
4294967278,76
4294967278,75
4294967278,74
4294967278,73
4294967278,72
4294967278,71
4294967278,70
4294967278,69
4294967278,68
4294967278,67
4294967278,66
4294967278,65
4294967278,64
4294967278,63
4294967278,62
4294967279,84
4294967279,76
4294967279,70
4294967279,69
4294967279,67
4294967279,65
4294967279,57
4294967279,55
4294967279,53
4294967279,51
4294967279,49
4294967279,48
4294967279,47
4294967279,44
4294967279,40
4294967279,38
4294967279,37
4294967279,36
4294967279,32
4294967279,26
4294967279,20
4294967279,12
4294967279,9
4294967279,8
4294967279,7
4294967279,6
4294967279,5
4294967279,260
4294967279,4
4294967279,559
4294967278,317
4294967278,221
4294967278,338
4294967279,524
4294967279,341
7590,8
7591,8
7590,7
7590,6
7591,7
7591,6
4294967279,207
4294967278,297
4294967279,319
4294967278,395
4294967279,291
4294967279,201
7591,5
7591,4
7591,3
7591,2
7591,1
4294967279,330
4294967279,244
4294967279,82
4294967278,424
4294967279,313
4294967278,337
4294967279,79
7590,5
7590,4
7590,3
7590,2
7590,1
4294967279,186
4294967278,279
4294967279,547
4294967279,290
4294967279,273
4294967278,178
4294967278,431
4294967294,948
4294967294,414
4294967294,460
4294967294,111
4294967294,391
4294967294,451
4294967294,410
4294967279,301
7586,5
7586,4
4294967279,163
7586,3
7586,2
7586,1
4294967278,439
7585,6
4294967278,156
4294967279,340
4294967279,157
7585,5
4294967278,155
4294967278,154
7585,4
7585,3
7585,2
7585,1
4294967279,152
4294967279,339
7584,5
4294967279,148
4294967279,147
7584,4
7584,3
7584,2
7584,1
4294967278,284
4294967278,146
4294967279,541
4294967278,277
7583,5
7583,4
4294967278,138
7583,3
7583,2
7583,1
4294967279,23
7582,5
7582,4
7582,3
7582,2
7582,1
4294967279,338
4294967279,18
7580,4
7580,3
7580,2
7580,1
4294967278,416
4294967279,519
4294967279,337
4294967279,516
4294967278,414
4294967279,284
4294967279,373
4294967278,380
4294967279,0
4294967294,7
0,5
4294967293,131
4294967293,130
4294967293,129
4294967293,128
4294967293,127
4294967293,126
4294967293,125
4294967293,124
4294967293,123
4294967293,122
4294967293,121
4294967293,120
4294967293,119
4294967293,118
4294967293,117
4294967293,116
4294967293,115
4294967293,114
4294967293,113
4294967293,112
4294967293,111
4294967293,110
4294967293,109
4294967293,108
4294967293,107
4294967293,106
4294967293,105
4294967293,104
4294967293,103
4294967293,102
4294967293,101
4294967293,100
4294967293,99
4294967293,98
4294967293,97
4294967293,96
4294967293,95
4294967293,94
4294967293,93
4294967293,92
4294967293,91
4294967293,90
4294967293,89
